582496168 60417457 4027530180 1107101888 1659784451 2025357888 2650960796 392644496 713897365 4205350655
2464596518 1099871988 2202328388 4018340362 1856636490 816269849 2544144578 155009982 1143051467 239837834
378177109 3358132281 4175571016 1945394511 891823307 4178762582 665922265 4112785768 1941037017 582445427
1679078302 824060562 3426900965 3104156668 52341915 1259627276 19016647 485541037 3337105138 174863342
934938951 1135826792 3453882505 508050710 2886839431 1730312267 1224492502 4001846937 1959888480 3089226941
4091157120 2781972333 2943526018 239149505 1515376450 762609204 2077243172 1620072852 3030259396 3274863171
14542696 3048107183 52465686 125055311 3129849348 2717987734 1572657494 1941055635 58053567 2149250840
4065107046 2926430760 480404040 3519810506 1540903869 502244905 2141754465 1740830036 305113857 4050819927
1240230977 3061757720 3254319062 1414936173 3950601972 1145645873 1508996592 2818670656 3402042755 1514237730
855781436 409949480 3064215096 1933170134 1784045856 4235064204 4048597917 3979337751 2810313242 1351486211
