3653403230 2735729614 2195314464 1158725111 1322117303 175979944 323153948 70985653 752767290 3492969079
2789219405 3920255352 2163061374 2605480816 4169308740 3133163870 2715582398 2334851558 2404827116 4016105478
1191196491 3504064332 2881392815 11761767 1692857839 3682523326 2380764446 144248946 3285177208 3133846278
3636012965 754435144 383483661 3707325241 94927149 2325558232 345313847 1287252767 2066142960 1815427790
1731896075 121632060 22989415 533792607 35580839 2880309928 2257511098 2779657785 1105094192 2643058927
3281590884 1647882546 1979643161 4282984060 3457402174 4212655701 1630040364 2944380402 4080649789 2793701317
3609109947 2956856191 3023661486 1670404795 3758767033 580235069 2486371348 3098768824 3631311418 2256379632
1612402199 1332478708 1816595735 2086646976 3087315778 3820321157 313304721 4011686353 2282102939 1536718667
2889393616 2454701930 1093525228 1382418507 3090273954 2552499192 2166461505 1451317661 3267007163 1681990798
1409501673 3823699225 1133558434 975634434 3067347643 2676568404 208505582 360843152 1619799227 3576179382
