2058676883 2606108952 1230491693 2111045057 95419987 1510044699 2342423582 3663458585 5280293 1692592662
2194070196 3828360468 2174269554 3287063169 2191392551 1383654478 2571795755 4056454039 2939149803 581682925
2520628546 3265191930 1103220230 2626683724 521643925 942918311 3094959399 3955594657 4176852444 3263700849
417715183 2602151033 3113821237 3221246642 3057599604 2519089880 1666214927 736538918 1453054917 2132303360
3954532178 472914315 2089645509 3555858538 2896542128 3158966084 3299345070 753719406 2383258920 522366989
1163520639 1626703831 2088001768 1740507721 2558132610 129839344 2870527147 4292606819 2661881848 305781430
955231210 1571362951 2403986785 2213939997 1498457083 3633385731 434668957 441289195 2525798783 2652597666
64592939 1442275976 2409794461 2682264882 3672002103 513819279 2804298514 2868672045 1174697685 824339985
1159544580 3503453770 3496876722 328524787 801132194 95961115 3956721960 3900795003 2495469161 2885179778
574279980 716106402 527452467 766701493 4103835130 1541127068 3121402074 1321494349 181408413 2053509786
