3837872008 932996374 1548399547 1612522464 473443212 3522865942 1734871597 2449558126 1653269385 2811495245
1556319449 4237376059 2177389020 2429034724 1625270019 3591613972 954865305 1374702875 3303997857 840887298
1278715703 1811749544 1906475813 1180096233 391157331 2198590753 1832248234 1253593120 566352428 1784698786
4087942593 2714492121 4144718271 992676264 3157194061 3456627599 3038496267 1923021699 2118803302 3716304557
2615695685 1475901340 3678707335 3233686847 414459518 267880481 3040752677 1162916379 4024998476 1958817977
374776736 424518310 443341597 2082461070 828559849 1043278973 2964036444 2031447373 2545439056 2524578510
509891725 1100403274 3494375157 2219953212 1915218836 2971209828 2195808976 3027497085 2464810022 3207210490
2570436178 683338899 2727569589 3822508413 2246898132 1210993608 3841073689 122884167 1010954015 433803538
3243461807 1816490250 3005465449 766268358 3587983540 499570593 987937808 1786131944 3740171135 3413138643
3121734967 3058321718 4283114590 969609753 1686322704 1991309685 859667581 2295134999 2910378702 226687857
