1792067052 3312598993 4226121890 3286554245 829424964 3585127639 1577166253 3451707754 4232328142 2036746914
2535668734 3763708141 3648461441 131053582 459436857 3999721279 4011580850 2940528171 1070687735 2414095246
1794904391 2668942399 480142056 3982973840 3203308873 615919476 3627525303 205156017 4283309512 920380792
3777194221 391931736 1125502796 3878694250 263011074 3505873735 1982519739 3332418378 1167428207 986172807
2387985282 2667064631 356503920 166299933 3926065096 4030976251 1315606089 482440703 546547862 4258800460
686593290 1093798130 1199523369 3395815515 736518168 2199694974 3337798929 2976941161 2879665253 1583246805
60957867 2248108502 3128903415 1429751106 3313547041 1131624497 2945490534 2519055428 996579467 3327142969
1706421904 473115306 3721950537 3525351167 2066284776 682209250 3641076920 1558021813 2018730323 3054948355
1356364086 2928063849 254470004 2744853061 2088889159 3045103990 2537824208 867276993 1500429177 2412057126
1587785339 810933689 476724960 604855402 4128524678 4293996953 4192121759 3072457915 933946188 572905011
