3626764237 1806341205 2195908194 2046968324 3900315155 2167613558 1210484339 3246154361 3874773259 1332073689
3134603515 2937688618 432508404 1864753826 3921352636 2048741382 1118805955 60308648 3726325546 3738645480
2437440079 4155553746 1924014660 4006490763 468399889 2367674807 3034658173 2351240810 2320500417 2523796087
1911213317 1653137829 2472402290 1246955724 801997237 2820330615 2046685052 3253884088 3765700075 3965891272
3618339112 3485918757 3648514451 4079209076 2489771122 1935153793 3407305306 353789296 2631883398 2706462215
3629580546 1043830061 3141722290 946870804 3412707896 1428231901 3504320067 2996472582 2923108076 114661864
2727303856 2473699103 1680231637 4211286945 92928119 532125690 3439180443 1116347426 948454521 2778524824
1504501144 774459493 2163102318 4244437633 856226606 3142190795 2888969234 2904264544 3631070993 1076693935
750843993 1533954791 1077747587 53413578 3185037723 1206384019 4093659351 2667504740 3073561711 2795305861
1436244341 1028283729 2737609583 1779861933 200917231 1912773091 677258676 3244782399 3796214880 2124216399
