1713891541 3264686682 3437327359 2190584749 3984819639 565901709 1050552864 2375451557 3898907875 1346782861
4084081622 1364255695 1213574462 4255169407 1970353338 2215150733 1235368738 3786197549 4002753320 3455729087
2843030284 683294817 1142977659 2741642926 676802902 1389617038 833843183 3166823722 4221020579 3063303053
1125169075 3238534262 1505871925 4011353529 523726405 2592454536 2203300969 2474698867 988835708 3800432134
3096758045 998235629 1876615736 3102562962 4292549339 429986327 504065163 867319530 1385977745 1870806865
2371852194 1336355644 1507380680 154116248 2737478110 1367988056 1379101014 1942621383 1475860787 3717078176
109876961 3646938477 2182668364 3112690982 1010494210 2782421384 1349140105 3427630865 667905474 1507249781
3939188149 3244727376 423282489 249364163 2404054886 3068270629 3902288569 1704543322 3662093196 507658767
2874563879 327425792 3817381393 443693612 282897953 3168930793 2406877188 2403783190 1665464249 3957366706
835542378 2780328026 2590042570 408234105 1971577955 2990985346 926638857 3545895584 3862443502 315524234
